image: /home/guo/my_map.pgm
resolution: 0.050000
origin: [-12.0000,-12.00000, 0.000000]
negate: 0
occupied_thresh: 0.65
free_thresh: 0.196

